测试数据用例 No.1

标准输入数据:
1
6 2
4 6 6 1 -1 3 1
5 -1 3 2 -1 -1 2
hehe


标准输出答案:
   1|2


你的错误输出结果:
   1|1
//-------------------------------
测试数据用例 No.2

标准输入数据:
1
5 1
1 -1 3 2 2 2
hehe


标准输出答案:
   1|1


你的错误输出结果:
   1|3
//-------------------------------
测试数据用例 No.5

标准输入数据:
1
6 2
1 -1 3 2 2 2 2
3 0 0 0 0 0 0
haha


标准输出答案:
   1|3


你的错误输出结果:
   1|1

//-------------------------------
输入样例

1
6 2
4 6 6 1 -1 3 1
5 -1 3 2 -1 -1 2
hehe
输出样例

2

1
6 2
1 -1 3 2 2 2 2
3 0 0 0 0 0 0
haha

标准输出答案:
   1|3


你的错误输出结果:
   1|4

1
5 1
1 -1 3 2 2 2
hehe


da 1


1
6 2
4 6 6 1 -1 3 1
5 -1 3 2 -1 -1 2
hehe

da 2

1
10 2
2 3 -1 5 3 3 7 6 6 6 10
6 7 -1 -1 7 7 1 1 1 1 1
hehe

da 1
//------------------------
5
6 2
4 6 6 1 -1 3 1
5 -1 3 2 -1 -1 2
hehe
5 1
1 -1 3 2 2 2
hehe
6 2
1 -1 3 2 2 2 2
3 0 0 0 0 0 0
haha
6 1
3 0 0 0 0 0 0
haha
6 2
1 -1 3 2 2 2 2
3 -1 -1 -1 5 4 5
haha
4 2
1 -1 3 2 2
3 0 0 0 0
haha

ans:
2
1
3
5
2

//-------------------------------
1
6 1
3 0 0 0 0 0 0
haha

